2021/09/07-07:58:29.285672 7feb223bc700 RocksDB version: 6.11.4
2021/09/07-07:58:29.287077 7feb223bc700 Git sha rocksdb_build_git_sha:
2021/09/07-07:58:29.287085 7feb223bc700 Compile date Dec 10 2020
2021/09/07-07:58:29.287095 7feb223bc700 DB SUMMARY
2021/09/07-07:58:29.287837 7feb223bc700 CURRENT file:  CURRENT
2021/09/07-07:58:29.287842 7feb223bc700 IDENTITY file:  IDENTITY
2021/09/07-07:58:29.288363 7feb223bc700 MANIFEST file:  MANIFEST-000004 size: 765 Bytes
2021/09/07-07:58:29.288371 7feb223bc700 SST files in state/checkpoint_db dir, Total Num: 0, files: 
2021/09/07-07:58:29.288377 7feb223bc700 Write Ahead Log file in state/checkpoint_db: 000003.log size: 3611673 ; 
2021/09/07-07:58:29.288387 7feb223bc700                         Options.error_if_exists: 0
2021/09/07-07:58:29.288391 7feb223bc700                       Options.create_if_missing: 1
2021/09/07-07:58:29.288396 7feb223bc700                         Options.paranoid_checks: 1
2021/09/07-07:58:29.288401 7feb223bc700                                     Options.env: 0x7feb4b3efda0
2021/09/07-07:58:29.288405 7feb223bc700                                      Options.fs: Posix File System
2021/09/07-07:58:29.288410 7feb223bc700                                Options.info_log: 0x7feb1ce5a000
2021/09/07-07:58:29.288416 7feb223bc700                Options.max_file_opening_threads: 16
2021/09/07-07:58:29.288422 7feb223bc700                              Options.statistics: (nil)
2021/09/07-07:58:29.288428 7feb223bc700                               Options.use_fsync: 0
2021/09/07-07:58:29.288435 7feb223bc700                       Options.max_log_file_size: 0
2021/09/07-07:58:29.288441 7feb223bc700                  Options.max_manifest_file_size: 1073741824
2021/09/07-07:58:29.288446 7feb223bc700                   Options.log_file_time_to_roll: 0
2021/09/07-07:58:29.288451 7feb223bc700                       Options.keep_log_file_num: 3
2021/09/07-07:58:29.288458 7feb223bc700                    Options.recycle_log_file_num: 0
2021/09/07-07:58:29.288464 7feb223bc700                         Options.allow_fallocate: 1
2021/09/07-07:58:29.288470 7feb223bc700                        Options.allow_mmap_reads: 0
2021/09/07-07:58:29.288476 7feb223bc700                       Options.allow_mmap_writes: 0
2021/09/07-07:58:29.288481 7feb223bc700                        Options.use_direct_reads: 0
2021/09/07-07:58:29.288487 7feb223bc700                        Options.use_direct_io_for_flush_and_compaction: 0
2021/09/07-07:58:29.288492 7feb223bc700          Options.create_missing_column_families: 1
2021/09/07-07:58:29.288498 7feb223bc700                              Options.db_log_dir: 
2021/09/07-07:58:29.288504 7feb223bc700                                 Options.wal_dir: state/checkpoint_db
2021/09/07-07:58:29.288509 7feb223bc700                Options.table_cache_numshardbits: 6
2021/09/07-07:58:29.288513 7feb223bc700                      Options.max_subcompactions: 1
2021/09/07-07:58:29.288518 7feb223bc700                         Options.WAL_ttl_seconds: 0
2021/09/07-07:58:29.288524 7feb223bc700                       Options.WAL_size_limit_MB: 0
2021/09/07-07:58:29.288530 7feb223bc700                        Options.max_write_batch_group_size_bytes: 1048576
2021/09/07-07:58:29.288537 7feb223bc700             Options.manifest_preallocation_size: 4194304
2021/09/07-07:58:29.288542 7feb223bc700                     Options.is_fd_close_on_exec: 1
2021/09/07-07:58:29.288547 7feb223bc700                   Options.advise_random_on_open: 1
2021/09/07-07:58:29.288553 7feb223bc700                    Options.db_write_buffer_size: 0
2021/09/07-07:58:29.288559 7feb223bc700                    Options.write_buffer_manager: 0x7feb1ce57000
2021/09/07-07:58:29.288565 7feb223bc700         Options.access_hint_on_compaction_start: 1
2021/09/07-07:58:29.288571 7feb223bc700  Options.new_table_reader_for_compaction_inputs: 0
2021/09/07-07:58:29.288576 7feb223bc700           Options.random_access_max_buffer_size: 1048576
2021/09/07-07:58:29.288581 7feb223bc700                      Options.use_adaptive_mutex: 0
2021/09/07-07:58:29.288587 7feb223bc700                            Options.rate_limiter: (nil)
2021/09/07-07:58:29.289666 7feb223bc700     Options.sst_file_manager.rate_bytes_per_sec: 0
2021/09/07-07:58:29.289677 7feb223bc700                       Options.wal_recovery_mode: 2
2021/09/07-07:58:29.289720 7feb223bc700                  Options.enable_thread_tracking: 0
2021/09/07-07:58:29.289727 7feb223bc700                  Options.enable_pipelined_write: 0
2021/09/07-07:58:29.289733 7feb223bc700                  Options.unordered_write: 0
2021/09/07-07:58:29.289739 7feb223bc700         Options.allow_concurrent_memtable_write: 1
2021/09/07-07:58:29.289745 7feb223bc700      Options.enable_write_thread_adaptive_yield: 1
2021/09/07-07:58:29.289752 7feb223bc700             Options.write_thread_max_yield_usec: 100
2021/09/07-07:58:29.289758 7feb223bc700            Options.write_thread_slow_yield_usec: 3
2021/09/07-07:58:29.289764 7feb223bc700                               Options.row_cache: None
2021/09/07-07:58:29.289769 7feb223bc700                              Options.wal_filter: None
2021/09/07-07:58:29.289774 7feb223bc700             Options.avoid_flush_during_recovery: 0
2021/09/07-07:58:29.289780 7feb223bc700             Options.allow_ingest_behind: 0
2021/09/07-07:58:29.289785 7feb223bc700             Options.preserve_deletes: 0
2021/09/07-07:58:29.289790 7feb223bc700             Options.two_write_queues: 0
2021/09/07-07:58:29.289797 7feb223bc700             Options.manual_wal_flush: 0
2021/09/07-07:58:29.289803 7feb223bc700             Options.atomic_flush: 0
2021/09/07-07:58:29.289809 7feb223bc700             Options.avoid_unnecessary_blocking_io: 0
2021/09/07-07:58:29.289815 7feb223bc700                 Options.persist_stats_to_disk: 0
2021/09/07-07:58:29.289821 7feb223bc700                 Options.write_dbid_to_manifest: 0
2021/09/07-07:58:29.289826 7feb223bc700                 Options.log_readahead_size: 0
2021/09/07-07:58:29.289831 7feb223bc700                 Options.file_checksum_gen_factory: Unknown
2021/09/07-07:58:29.289837 7feb223bc700                 Options.best_efforts_recovery: 0
2021/09/07-07:58:29.289844 7feb223bc700             Options.max_background_jobs: 2
2021/09/07-07:58:29.289851 7feb223bc700             Options.max_background_compactions: 4
2021/09/07-07:58:29.289857 7feb223bc700             Options.avoid_flush_during_shutdown: 0
2021/09/07-07:58:29.289863 7feb223bc700           Options.writable_file_max_buffer_size: 1048576
2021/09/07-07:58:29.289870 7feb223bc700             Options.delayed_write_rate : 16777216
2021/09/07-07:58:29.289874 7feb223bc700             Options.max_total_wal_size: 0
2021/09/07-07:58:29.289879 7feb223bc700             Options.delete_obsolete_files_period_micros: 21600000000
2021/09/07-07:58:29.289885 7feb223bc700                   Options.stats_dump_period_sec: 600
2021/09/07-07:58:29.289891 7feb223bc700                 Options.stats_persist_period_sec: 600
2021/09/07-07:58:29.289897 7feb223bc700                 Options.stats_history_buffer_size: 1048576
2021/09/07-07:58:29.289903 7feb223bc700                          Options.max_open_files: -1
2021/09/07-07:58:29.289913 7feb223bc700                          Options.bytes_per_sync: 1048576
2021/09/07-07:58:29.289918 7feb223bc700                      Options.wal_bytes_per_sync: 0
2021/09/07-07:58:29.289923 7feb223bc700                   Options.strict_bytes_per_sync: 0
2021/09/07-07:58:29.289928 7feb223bc700       Options.compaction_readahead_size: 0
2021/09/07-07:58:29.289934 7feb223bc700                  Options.max_background_flushes: 2
2021/09/07-07:58:29.289939 7feb223bc700 Compression algorithms supported:
2021/09/07-07:58:29.289943 7feb223bc700 	kZSTDNotFinalCompression supported: 1
2021/09/07-07:58:29.289950 7feb223bc700 	kZSTD supported: 1
2021/09/07-07:58:29.289954 7feb223bc700 	kXpressCompression supported: 0
2021/09/07-07:58:29.289959 7feb223bc700 	kLZ4HCCompression supported: 1
2021/09/07-07:58:29.289965 7feb223bc700 	kLZ4Compression supported: 1
2021/09/07-07:58:29.289972 7feb223bc700 	kBZip2Compression supported: 1
2021/09/07-07:58:29.289977 7feb223bc700 	kZlibCompression supported: 1
2021/09/07-07:58:29.291997 7feb223bc700 	kSnappyCompression supported: 1
2021/09/07-07:58:29.292014 7feb223bc700 Fast CRC32 supported: Not supported on x86
2021/09/07-07:58:29.296230 7feb223bc700 [/version_set.cc:4554] Recovering from manifest file: state/checkpoint_db/MANIFEST-000004
2021/09/07-07:58:29.297202 7feb223bc700 [/column_family.cc:577] --------------- Options for column family [default]:
2021/09/07-07:58:29.297213 7feb223bc700               Options.comparator: leveldb.BytewiseComparator
2021/09/07-07:58:29.297220 7feb223bc700           Options.merge_operator: None
2021/09/07-07:58:29.297226 7feb223bc700        Options.compaction_filter: None
2021/09/07-07:58:29.297232 7feb223bc700        Options.compaction_filter_factory: None
2021/09/07-07:58:29.297239 7feb223bc700         Options.memtable_factory: SkipListFactory
2021/09/07-07:58:29.297245 7feb223bc700            Options.table_factory: BlockBasedTable
2021/09/07-07:58:29.297310 7feb223bc700            table_factory options:   flush_block_policy_factory: FlushBlockBySizePolicyFactory (0x7feb1ce15010)
  cache_index_and_filter_blocks: 1
  cache_index_and_filter_blocks_with_high_priority: 1
  pin_l0_filter_and_index_blocks_in_cache: 0
  pin_top_level_index_and_filter: 1
  index_type: 2
  data_block_index_type: 0
  index_shortening: 1
  data_block_hash_table_util_ratio: 0.750000
  hash_index_allow_collision: 1
  checksum: 1
  no_block_cache: 0
  block_cache: 0x7feb1ce21110
  block_cache_name: LRUCache
  block_cache_options:
    capacity : 8388608
    num_shard_bits : 4
    strict_capacity_limit : 0
    memory_allocator : None
    high_pri_pool_ratio: 0.000
  block_cache_compressed: (nil)
  persistent_cache: (nil)
  block_size: 4096
  block_size_deviation: 10
  block_restart_interval: 16
  index_block_restart_interval: 1
  metadata_block_size: 4096
  partition_filters: 0
  use_delta_encoding: 1
  filter_policy: nullptr
  whole_key_filtering: 1
  verify_compression: 0
  read_amp_bytes_per_bit: 0
  format_version: 4
  enable_index_compression: 1
  block_align: 0
2021/09/07-07:58:29.297321 7feb223bc700        Options.write_buffer_size: 2097152
2021/09/07-07:58:29.297328 7feb223bc700  Options.max_write_buffer_number: 2
2021/09/07-07:58:29.297335 7feb223bc700          Options.compression: ZSTD
2021/09/07-07:58:29.297341 7feb223bc700                  Options.bottommost_compression: Disabled
2021/09/07-07:58:29.297345 7feb223bc700       Options.prefix_extractor: nullptr
2021/09/07-07:58:29.297351 7feb223bc700   Options.memtable_insert_with_hint_prefix_extractor: nullptr
2021/09/07-07:58:29.297356 7feb223bc700             Options.num_levels: 2
2021/09/07-07:58:29.297360 7feb223bc700        Options.min_write_buffer_number_to_merge: 1
2021/09/07-07:58:29.297364 7feb223bc700     Options.max_write_buffer_number_to_maintain: 0
2021/09/07-07:58:29.297371 7feb223bc700     Options.max_write_buffer_size_to_maintain: 4194304
2021/09/07-07:58:29.297377 7feb223bc700            Options.bottommost_compression_opts.window_bits: -14
2021/09/07-07:58:29.297381 7feb223bc700                  Options.bottommost_compression_opts.level: 32767
2021/09/07-07:58:29.297386 7feb223bc700               Options.bottommost_compression_opts.strategy: 0
2021/09/07-07:58:29.297392 7feb223bc700         Options.bottommost_compression_opts.max_dict_bytes: 0
2021/09/07-07:58:29.297398 7feb223bc700         Options.bottommost_compression_opts.zstd_max_train_bytes: 0
2021/09/07-07:58:29.297404 7feb223bc700         Options.bottommost_compression_opts.parallel_threads: 1
2021/09/07-07:58:29.297410 7feb223bc700                  Options.bottommost_compression_opts.enabled: false
2021/09/07-07:58:29.297416 7feb223bc700            Options.compression_opts.window_bits: -14
2021/09/07-07:58:29.297423 7feb223bc700                  Options.compression_opts.level: 32767
2021/09/07-07:58:29.297436 7feb223bc700               Options.compression_opts.strategy: 0
2021/09/07-07:58:29.297440 7feb223bc700         Options.compression_opts.max_dict_bytes: 0
2021/09/07-07:58:29.297445 7feb223bc700         Options.compression_opts.zstd_max_train_bytes: 0
2021/09/07-07:58:29.298416 7feb223bc700         Options.compression_opts.parallel_threads: 1
2021/09/07-07:58:29.298422 7feb223bc700                  Options.compression_opts.enabled: false
2021/09/07-07:58:29.298428 7feb223bc700      Options.level0_file_num_compaction_trigger: 4
2021/09/07-07:58:29.298433 7feb223bc700          Options.level0_slowdown_writes_trigger: 20
2021/09/07-07:58:29.298438 7feb223bc700              Options.level0_stop_writes_trigger: 36
2021/09/07-07:58:29.298442 7feb223bc700                   Options.target_file_size_base: 2097152
2021/09/07-07:58:29.298446 7feb223bc700             Options.target_file_size_multiplier: 10
2021/09/07-07:58:29.298451 7feb223bc700                Options.max_bytes_for_level_base: 10485760
2021/09/07-07:58:29.298457 7feb223bc700 Options.level_compaction_dynamic_level_bytes: 1
2021/09/07-07:58:29.298462 7feb223bc700          Options.max_bytes_for_level_multiplier: 10.000000
2021/09/07-07:58:29.298469 7feb223bc700 Options.max_bytes_for_level_multiplier_addtl[0]: 1
2021/09/07-07:58:29.298474 7feb223bc700 Options.max_bytes_for_level_multiplier_addtl[1]: 1
2021/09/07-07:58:29.298478 7feb223bc700 Options.max_bytes_for_level_multiplier_addtl[2]: 1
2021/09/07-07:58:29.298483 7feb223bc700 Options.max_bytes_for_level_multiplier_addtl[3]: 1
2021/09/07-07:58:29.298488 7feb223bc700 Options.max_bytes_for_level_multiplier_addtl[4]: 1
2021/09/07-07:58:29.298495 7feb223bc700 Options.max_bytes_for_level_multiplier_addtl[5]: 1
2021/09/07-07:58:29.298501 7feb223bc700 Options.max_bytes_for_level_multiplier_addtl[6]: 1
2021/09/07-07:58:29.298506 7feb223bc700       Options.max_sequential_skip_in_iterations: 8
2021/09/07-07:58:29.298511 7feb223bc700                    Options.max_compaction_bytes: 52428800
2021/09/07-07:58:29.298517 7feb223bc700                        Options.arena_block_size: 262144
2021/09/07-07:58:29.298522 7feb223bc700   Options.soft_pending_compaction_bytes_limit: 268435456
2021/09/07-07:58:29.298526 7feb223bc700   Options.hard_pending_compaction_bytes_limit: 1073741824
2021/09/07-07:58:29.298531 7feb223bc700       Options.rate_limit_delay_max_milliseconds: 100
2021/09/07-07:58:29.298535 7feb223bc700                Options.disable_auto_compactions: 1
2021/09/07-07:58:29.298540 7feb223bc700                        Options.compaction_style: kCompactionStyleLevel
2021/09/07-07:58:29.298544 7feb223bc700                          Options.compaction_pri: kMinOverlappingRatio
2021/09/07-07:58:29.298549 7feb223bc700 Options.compaction_options_universal.size_ratio: 1
2021/09/07-07:58:29.298553 7feb223bc700 Options.compaction_options_universal.min_merge_width: 2
2021/09/07-07:58:29.298558 7feb223bc700 Options.compaction_options_universal.max_merge_width: 4294967295
2021/09/07-07:58:29.298563 7feb223bc700 Options.compaction_options_universal.max_size_amplification_percent: 200
2021/09/07-07:58:29.298567 7feb223bc700 Options.compaction_options_universal.compression_size_percent: -1
2021/09/07-07:58:29.298572 7feb223bc700 Options.compaction_options_universal.stop_style: kCompactionStopStyleTotalSize
2021/09/07-07:58:29.298577 7feb223bc700 Options.compaction_options_fifo.max_table_files_size: 1073741824
2021/09/07-07:58:29.298581 7feb223bc700 Options.compaction_options_fifo.allow_compaction: 0
2021/09/07-07:58:29.298590 7feb223bc700                   Options.table_properties_collectors: 
2021/09/07-07:58:29.298597 7feb223bc700                   Options.inplace_update_support: 0
2021/09/07-07:58:29.298602 7feb223bc700                 Options.inplace_update_num_locks: 10000
2021/09/07-07:58:29.298608 7feb223bc700               Options.memtable_prefix_bloom_size_ratio: 0.000000
2021/09/07-07:58:29.298613 7feb223bc700               Options.memtable_whole_key_filtering: 0
2021/09/07-07:58:29.298619 7feb223bc700   Options.memtable_huge_page_size: 0
2021/09/07-07:58:29.298625 7feb223bc700                           Options.bloom_locality: 0
2021/09/07-07:58:29.298631 7feb223bc700                    Options.max_successive_merges: 0
2021/09/07-07:58:29.298637 7feb223bc700                Options.optimize_filters_for_hits: 0
2021/09/07-07:58:29.299659 7feb223bc700                Options.paranoid_file_checks: 0
2021/09/07-07:58:29.299664 7feb223bc700                Options.force_consistency_checks: 0
2021/09/07-07:58:29.299671 7feb223bc700                Options.report_bg_io_stats: 0
2021/09/07-07:58:29.299677 7feb223bc700                               Options.ttl: 2592000
2021/09/07-07:58:29.299683 7feb223bc700          Options.periodic_compaction_seconds: 0
2021/09/07-07:58:29.300677 7feb223bc700 [/column_family.cc:577] --------------- Options for column family [states]:
2021/09/07-07:58:29.300682 7feb223bc700               Options.comparator: leveldb.BytewiseComparator
2021/09/07-07:58:29.300687 7feb223bc700           Options.merge_operator: None
2021/09/07-07:58:29.300693 7feb223bc700        Options.compaction_filter: None
2021/09/07-07:58:29.300698 7feb223bc700        Options.compaction_filter_factory: None
2021/09/07-07:58:29.300705 7feb223bc700         Options.memtable_factory: SkipListFactory
2021/09/07-07:58:29.300709 7feb223bc700            Options.table_factory: BlockBasedTable
2021/09/07-07:58:29.300730 7feb223bc700            table_factory options:   flush_block_policy_factory: FlushBlockBySizePolicyFactory (0x7feb1ce15010)
  cache_index_and_filter_blocks: 1
  cache_index_and_filter_blocks_with_high_priority: 1
  pin_l0_filter_and_index_blocks_in_cache: 0
  pin_top_level_index_and_filter: 1
  index_type: 2
  data_block_index_type: 0
  index_shortening: 1
  data_block_hash_table_util_ratio: 0.750000
  hash_index_allow_collision: 1
  checksum: 1
  no_block_cache: 0
  block_cache: 0x7feb1ce21110
  block_cache_name: LRUCache
  block_cache_options:
    capacity : 8388608
    num_shard_bits : 4
    strict_capacity_limit : 0
    memory_allocator : None
    high_pri_pool_ratio: 0.000
  block_cache_compressed: (nil)
  persistent_cache: (nil)
  block_size: 4096
  block_size_deviation: 10
  block_restart_interval: 16
  index_block_restart_interval: 1
  metadata_block_size: 4096
  partition_filters: 0
  use_delta_encoding: 1
  filter_policy: nullptr
  whole_key_filtering: 1
  verify_compression: 0
  read_amp_bytes_per_bit: 0
  format_version: 4
  enable_index_compression: 1
  block_align: 0
2021/09/07-07:58:29.300739 7feb223bc700        Options.write_buffer_size: 2097152
2021/09/07-07:58:29.300743 7feb223bc700  Options.max_write_buffer_number: 2
2021/09/07-07:58:29.300748 7feb223bc700          Options.compression: ZSTD
2021/09/07-07:58:29.300754 7feb223bc700                  Options.bottommost_compression: Disabled
2021/09/07-07:58:29.300760 7feb223bc700       Options.prefix_extractor: nullptr
2021/09/07-07:58:29.300766 7feb223bc700   Options.memtable_insert_with_hint_prefix_extractor: nullptr
2021/09/07-07:58:29.300772 7feb223bc700             Options.num_levels: 2
2021/09/07-07:58:29.300778 7feb223bc700        Options.min_write_buffer_number_to_merge: 1
2021/09/07-07:58:29.300784 7feb223bc700     Options.max_write_buffer_number_to_maintain: 0
2021/09/07-07:58:29.300789 7feb223bc700     Options.max_write_buffer_size_to_maintain: 4194304
2021/09/07-07:58:29.300794 7feb223bc700            Options.bottommost_compression_opts.window_bits: -14
2021/09/07-07:58:29.300800 7feb223bc700                  Options.bottommost_compression_opts.level: 32767
2021/09/07-07:58:29.300805 7feb223bc700               Options.bottommost_compression_opts.strategy: 0
2021/09/07-07:58:29.300809 7feb223bc700         Options.bottommost_compression_opts.max_dict_bytes: 0
2021/09/07-07:58:29.300814 7feb223bc700         Options.bottommost_compression_opts.zstd_max_train_bytes: 0
2021/09/07-07:58:29.300820 7feb223bc700         Options.bottommost_compression_opts.parallel_threads: 1
2021/09/07-07:58:29.300824 7feb223bc700                  Options.bottommost_compression_opts.enabled: false
2021/09/07-07:58:29.300829 7feb223bc700            Options.compression_opts.window_bits: -14
2021/09/07-07:58:29.300834 7feb223bc700                  Options.compression_opts.level: 32767
2021/09/07-07:58:29.300840 7feb223bc700               Options.compression_opts.strategy: 0
2021/09/07-07:58:29.302083 7feb223bc700         Options.compression_opts.max_dict_bytes: 0
2021/09/07-07:58:29.302093 7feb223bc700         Options.compression_opts.zstd_max_train_bytes: 0
2021/09/07-07:58:29.302100 7feb223bc700         Options.compression_opts.parallel_threads: 1
2021/09/07-07:58:29.302106 7feb223bc700                  Options.compression_opts.enabled: false
2021/09/07-07:58:29.302112 7feb223bc700      Options.level0_file_num_compaction_trigger: 4
2021/09/07-07:58:29.302117 7feb223bc700          Options.level0_slowdown_writes_trigger: 20
2021/09/07-07:58:29.302122 7feb223bc700              Options.level0_stop_writes_trigger: 36
2021/09/07-07:58:29.302127 7feb223bc700                   Options.target_file_size_base: 2097152
2021/09/07-07:58:29.302133 7feb223bc700             Options.target_file_size_multiplier: 10
2021/09/07-07:58:29.302138 7feb223bc700                Options.max_bytes_for_level_base: 10485760
2021/09/07-07:58:29.302143 7feb223bc700 Options.level_compaction_dynamic_level_bytes: 1
2021/09/07-07:58:29.302149 7feb223bc700          Options.max_bytes_for_level_multiplier: 10.000000
2021/09/07-07:58:29.302194 7feb223bc700 Options.max_bytes_for_level_multiplier_addtl[0]: 1
2021/09/07-07:58:29.302199 7feb223bc700 Options.max_bytes_for_level_multiplier_addtl[1]: 1
2021/09/07-07:58:29.302204 7feb223bc700 Options.max_bytes_for_level_multiplier_addtl[2]: 1
2021/09/07-07:58:29.302210 7feb223bc700 Options.max_bytes_for_level_multiplier_addtl[3]: 1
2021/09/07-07:58:29.302216 7feb223bc700 Options.max_bytes_for_level_multiplier_addtl[4]: 1
2021/09/07-07:58:29.302224 7feb223bc700 Options.max_bytes_for_level_multiplier_addtl[5]: 1
2021/09/07-07:58:29.302229 7feb223bc700 Options.max_bytes_for_level_multiplier_addtl[6]: 1
2021/09/07-07:58:29.302234 7feb223bc700       Options.max_sequential_skip_in_iterations: 8
2021/09/07-07:58:29.302241 7feb223bc700                    Options.max_compaction_bytes: 52428800
2021/09/07-07:58:29.302248 7feb223bc700                        Options.arena_block_size: 262144
2021/09/07-07:58:29.302253 7feb223bc700   Options.soft_pending_compaction_bytes_limit: 268435456
2021/09/07-07:58:29.302259 7feb223bc700   Options.hard_pending_compaction_bytes_limit: 1073741824
2021/09/07-07:58:29.302265 7feb223bc700       Options.rate_limit_delay_max_milliseconds: 100
2021/09/07-07:58:29.302269 7feb223bc700                Options.disable_auto_compactions: 1
2021/09/07-07:58:29.302274 7feb223bc700                        Options.compaction_style: kCompactionStyleLevel
2021/09/07-07:58:29.302279 7feb223bc700                          Options.compaction_pri: kMinOverlappingRatio
2021/09/07-07:58:29.302282 7feb223bc700 Options.compaction_options_universal.size_ratio: 1
2021/09/07-07:58:29.302287 7feb223bc700 Options.compaction_options_universal.min_merge_width: 2
2021/09/07-07:58:29.302293 7feb223bc700 Options.compaction_options_universal.max_merge_width: 4294967295
2021/09/07-07:58:29.302299 7feb223bc700 Options.compaction_options_universal.max_size_amplification_percent: 200
2021/09/07-07:58:29.302305 7feb223bc700 Options.compaction_options_universal.compression_size_percent: -1
2021/09/07-07:58:29.302312 7feb223bc700 Options.compaction_options_universal.stop_style: kCompactionStopStyleTotalSize
2021/09/07-07:58:29.302318 7feb223bc700 Options.compaction_options_fifo.max_table_files_size: 1073741824
2021/09/07-07:58:29.302324 7feb223bc700 Options.compaction_options_fifo.allow_compaction: 0
2021/09/07-07:58:29.302335 7feb223bc700                   Options.table_properties_collectors: 
2021/09/07-07:58:29.302341 7feb223bc700                   Options.inplace_update_support: 0
2021/09/07-07:58:29.302347 7feb223bc700                 Options.inplace_update_num_locks: 10000
2021/09/07-07:58:29.302353 7feb223bc700               Options.memtable_prefix_bloom_size_ratio: 0.000000
2021/09/07-07:58:29.302360 7feb223bc700               Options.memtable_whole_key_filtering: 0
2021/09/07-07:58:29.302366 7feb223bc700   Options.memtable_huge_page_size: 0
2021/09/07-07:58:29.302371 7feb223bc700                           Options.bloom_locality: 0
2021/09/07-07:58:29.303575 7feb223bc700                    Options.max_successive_merges: 0
2021/09/07-07:58:29.303583 7feb223bc700                Options.optimize_filters_for_hits: 0
2021/09/07-07:58:29.303588 7feb223bc700                Options.paranoid_file_checks: 0
2021/09/07-07:58:29.303595 7feb223bc700                Options.force_consistency_checks: 0
2021/09/07-07:58:29.303600 7feb223bc700                Options.report_bg_io_stats: 0
2021/09/07-07:58:29.303606 7feb223bc700                               Options.ttl: 2592000
2021/09/07-07:58:29.303612 7feb223bc700          Options.periodic_compaction_seconds: 0
2021/09/07-07:58:29.303696 7feb223bc700 [/column_family.cc:577] --------------- Options for column family [checkpoints]:
2021/09/07-07:58:29.303704 7feb223bc700               Options.comparator: leveldb.BytewiseComparator
2021/09/07-07:58:29.303710 7feb223bc700           Options.merge_operator: None
2021/09/07-07:58:29.303716 7feb223bc700        Options.compaction_filter: None
2021/09/07-07:58:29.303722 7feb223bc700        Options.compaction_filter_factory: None
2021/09/07-07:58:29.303728 7feb223bc700         Options.memtable_factory: SkipListFactory
2021/09/07-07:58:29.303733 7feb223bc700            Options.table_factory: BlockBasedTable
2021/09/07-07:58:29.303766 7feb223bc700            table_factory options:   flush_block_policy_factory: FlushBlockBySizePolicyFactory (0x7feb1ce15008)
  cache_index_and_filter_blocks: 0
  cache_index_and_filter_blocks_with_high_priority: 1
  pin_l0_filter_and_index_blocks_in_cache: 0
  pin_top_level_index_and_filter: 1
  index_type: 0
  data_block_index_type: 0
  index_shortening: 1
  data_block_hash_table_util_ratio: 0.750000
  hash_index_allow_collision: 1
  checksum: 1
  no_block_cache: 0
  block_cache: 0x7feb1ce16890
  block_cache_name: LRUCache
  block_cache_options:
    capacity : 8388608
    num_shard_bits : 4
    strict_capacity_limit : 0
    memory_allocator : None
    high_pri_pool_ratio: 0.000
  block_cache_compressed: (nil)
  persistent_cache: (nil)
  block_size: 4096
  block_size_deviation: 10
  block_restart_interval: 16
  index_block_restart_interval: 1
  metadata_block_size: 4096
  partition_filters: 0
  use_delta_encoding: 1
  filter_policy: nullptr
  whole_key_filtering: 1
  verify_compression: 0
  read_amp_bytes_per_bit: 0
  format_version: 4
  enable_index_compression: 1
  block_align: 0
2021/09/07-07:58:29.303776 7feb223bc700        Options.write_buffer_size: 67108864
2021/09/07-07:58:29.303781 7feb223bc700  Options.max_write_buffer_number: 2
2021/09/07-07:58:29.303787 7feb223bc700          Options.compression: ZSTD
2021/09/07-07:58:29.303792 7feb223bc700                  Options.bottommost_compression: Disabled
2021/09/07-07:58:29.303796 7feb223bc700       Options.prefix_extractor: nullptr
2021/09/07-07:58:29.303801 7feb223bc700   Options.memtable_insert_with_hint_prefix_extractor: nullptr
2021/09/07-07:58:29.303806 7feb223bc700             Options.num_levels: 7
2021/09/07-07:58:29.303811 7feb223bc700        Options.min_write_buffer_number_to_merge: 1
2021/09/07-07:58:29.303815 7feb223bc700     Options.max_write_buffer_number_to_maintain: 0
2021/09/07-07:58:29.303819 7feb223bc700     Options.max_write_buffer_size_to_maintain: 134217728
2021/09/07-07:58:29.303823 7feb223bc700            Options.bottommost_compression_opts.window_bits: -14
2021/09/07-07:58:29.303828 7feb223bc700                  Options.bottommost_compression_opts.level: 32767
2021/09/07-07:58:29.303834 7feb223bc700               Options.bottommost_compression_opts.strategy: 0
2021/09/07-07:58:29.303838 7feb223bc700         Options.bottommost_compression_opts.max_dict_bytes: 0
2021/09/07-07:58:29.303843 7feb223bc700         Options.bottommost_compression_opts.zstd_max_train_bytes: 0
2021/09/07-07:58:29.303849 7feb223bc700         Options.bottommost_compression_opts.parallel_threads: 1
2021/09/07-07:58:29.303855 7feb223bc700                  Options.bottommost_compression_opts.enabled: false
2021/09/07-07:58:29.303861 7feb223bc700            Options.compression_opts.window_bits: -14
2021/09/07-07:58:29.304963 7feb223bc700                  Options.compression_opts.level: 32767
2021/09/07-07:58:29.304972 7feb223bc700               Options.compression_opts.strategy: 0
2021/09/07-07:58:29.304976 7feb223bc700         Options.compression_opts.max_dict_bytes: 0
2021/09/07-07:58:29.304981 7feb223bc700         Options.compression_opts.zstd_max_train_bytes: 0
2021/09/07-07:58:29.304985 7feb223bc700         Options.compression_opts.parallel_threads: 1
2021/09/07-07:58:29.304990 7feb223bc700                  Options.compression_opts.enabled: false
2021/09/07-07:58:29.304997 7feb223bc700      Options.level0_file_num_compaction_trigger: 4
2021/09/07-07:58:29.305085 7feb223bc700          Options.level0_slowdown_writes_trigger: 20
2021/09/07-07:58:29.305090 7feb223bc700              Options.level0_stop_writes_trigger: 36
2021/09/07-07:58:29.305095 7feb223bc700                   Options.target_file_size_base: 67108864
2021/09/07-07:58:29.305101 7feb223bc700             Options.target_file_size_multiplier: 10
2021/09/07-07:58:29.305145 7feb223bc700                Options.max_bytes_for_level_base: 268435456
2021/09/07-07:58:29.305152 7feb223bc700 Options.level_compaction_dynamic_level_bytes: 1
2021/09/07-07:58:29.305159 7feb223bc700          Options.max_bytes_for_level_multiplier: 10.000000
2021/09/07-07:58:29.305164 7feb223bc700 Options.max_bytes_for_level_multiplier_addtl[0]: 1
2021/09/07-07:58:29.305168 7feb223bc700 Options.max_bytes_for_level_multiplier_addtl[1]: 1
2021/09/07-07:58:29.305174 7feb223bc700 Options.max_bytes_for_level_multiplier_addtl[2]: 1
2021/09/07-07:58:29.305179 7feb223bc700 Options.max_bytes_for_level_multiplier_addtl[3]: 1
2021/09/07-07:58:29.305184 7feb223bc700 Options.max_bytes_for_level_multiplier_addtl[4]: 1
2021/09/07-07:58:29.305188 7feb223bc700 Options.max_bytes_for_level_multiplier_addtl[5]: 1
2021/09/07-07:58:29.305193 7feb223bc700 Options.max_bytes_for_level_multiplier_addtl[6]: 1
2021/09/07-07:58:29.305198 7feb223bc700       Options.max_sequential_skip_in_iterations: 8
2021/09/07-07:58:29.305203 7feb223bc700                    Options.max_compaction_bytes: 1677721600
2021/09/07-07:58:29.305207 7feb223bc700                        Options.arena_block_size: 8388608
2021/09/07-07:58:29.305212 7feb223bc700   Options.soft_pending_compaction_bytes_limit: 68719476736
2021/09/07-07:58:29.305215 7feb223bc700   Options.hard_pending_compaction_bytes_limit: 274877906944
2021/09/07-07:58:29.305220 7feb223bc700       Options.rate_limit_delay_max_milliseconds: 100
2021/09/07-07:58:29.305226 7feb223bc700                Options.disable_auto_compactions: 1
2021/09/07-07:58:29.305234 7feb223bc700                        Options.compaction_style: kCompactionStyleLevel
2021/09/07-07:58:29.305240 7feb223bc700                          Options.compaction_pri: kMinOverlappingRatio
2021/09/07-07:58:29.305244 7feb223bc700 Options.compaction_options_universal.size_ratio: 1
2021/09/07-07:58:29.305249 7feb223bc700 Options.compaction_options_universal.min_merge_width: 2
2021/09/07-07:58:29.305254 7feb223bc700 Options.compaction_options_universal.max_merge_width: 4294967295
2021/09/07-07:58:29.305259 7feb223bc700 Options.compaction_options_universal.max_size_amplification_percent: 200
2021/09/07-07:58:29.305264 7feb223bc700 Options.compaction_options_universal.compression_size_percent: -1
2021/09/07-07:58:29.305271 7feb223bc700 Options.compaction_options_universal.stop_style: kCompactionStopStyleTotalSize
2021/09/07-07:58:29.305276 7feb223bc700 Options.compaction_options_fifo.max_table_files_size: 1073741824
2021/09/07-07:58:29.305281 7feb223bc700 Options.compaction_options_fifo.allow_compaction: 0
2021/09/07-07:58:29.305291 7feb223bc700                   Options.table_properties_collectors: 
2021/09/07-07:58:29.305295 7feb223bc700                   Options.inplace_update_support: 0
2021/09/07-07:58:29.305300 7feb223bc700                 Options.inplace_update_num_locks: 10000
2021/09/07-07:58:29.305304 7feb223bc700               Options.memtable_prefix_bloom_size_ratio: 0.000000
2021/09/07-07:58:29.306444 7feb223bc700               Options.memtable_whole_key_filtering: 0
2021/09/07-07:58:29.306448 7feb223bc700   Options.memtable_huge_page_size: 0
2021/09/07-07:58:29.306454 7feb223bc700                           Options.bloom_locality: 0
2021/09/07-07:58:29.306460 7feb223bc700                    Options.max_successive_merges: 0
2021/09/07-07:58:29.306467 7feb223bc700                Options.optimize_filters_for_hits: 0
2021/09/07-07:58:29.306472 7feb223bc700                Options.paranoid_file_checks: 0
2021/09/07-07:58:29.306476 7feb223bc700                Options.force_consistency_checks: 0
2021/09/07-07:58:29.306481 7feb223bc700                Options.report_bg_io_stats: 0
2021/09/07-07:58:29.306487 7feb223bc700                               Options.ttl: 2592000
2021/09/07-07:58:29.306493 7feb223bc700          Options.periodic_compaction_seconds: 0
2021/09/07-07:58:29.306689 7feb223bc700 [/column_family.cc:577] --------------- Options for column family [delayedmessages]:
2021/09/07-07:58:29.306698 7feb223bc700               Options.comparator: leveldb.BytewiseComparator
2021/09/07-07:58:29.306704 7feb223bc700           Options.merge_operator: None
2021/09/07-07:58:29.306709 7feb223bc700        Options.compaction_filter: None
2021/09/07-07:58:29.306714 7feb223bc700        Options.compaction_filter_factory: None
2021/09/07-07:58:29.306718 7feb223bc700         Options.memtable_factory: SkipListFactory
2021/09/07-07:58:29.306722 7feb223bc700            Options.table_factory: BlockBasedTable
2021/09/07-07:58:29.306746 7feb223bc700            table_factory options:   flush_block_policy_factory: FlushBlockBySizePolicyFactory (0x7feb1ce15008)
  cache_index_and_filter_blocks: 0
  cache_index_and_filter_blocks_with_high_priority: 1
  pin_l0_filter_and_index_blocks_in_cache: 0
  pin_top_level_index_and_filter: 1
  index_type: 0
  data_block_index_type: 0
  index_shortening: 1
  data_block_hash_table_util_ratio: 0.750000
  hash_index_allow_collision: 1
  checksum: 1
  no_block_cache: 0
  block_cache: 0x7feb1ce16890
  block_cache_name: LRUCache
  block_cache_options:
    capacity : 8388608
    num_shard_bits : 4
    strict_capacity_limit : 0
    memory_allocator : None
    high_pri_pool_ratio: 0.000
  block_cache_compressed: (nil)
  persistent_cache: (nil)
  block_size: 4096
  block_size_deviation: 10
  block_restart_interval: 16
  index_block_restart_interval: 1
  metadata_block_size: 4096
  partition_filters: 0
  use_delta_encoding: 1
  filter_policy: nullptr
  whole_key_filtering: 1
  verify_compression: 0
  read_amp_bytes_per_bit: 0
  format_version: 4
  enable_index_compression: 1
  block_align: 0
2021/09/07-07:58:29.306759 7feb223bc700        Options.write_buffer_size: 67108864
2021/09/07-07:58:29.306766 7feb223bc700  Options.max_write_buffer_number: 2
2021/09/07-07:58:29.306772 7feb223bc700          Options.compression: ZSTD
2021/09/07-07:58:29.306778 7feb223bc700                  Options.bottommost_compression: Disabled
2021/09/07-07:58:29.306784 7feb223bc700       Options.prefix_extractor: nullptr
2021/09/07-07:58:29.306790 7feb223bc700   Options.memtable_insert_with_hint_prefix_extractor: nullptr
2021/09/07-07:58:29.306796 7feb223bc700             Options.num_levels: 7
2021/09/07-07:58:29.306803 7feb223bc700        Options.min_write_buffer_number_to_merge: 1
2021/09/07-07:58:29.306809 7feb223bc700     Options.max_write_buffer_number_to_maintain: 0
2021/09/07-07:58:29.306813 7feb223bc700     Options.max_write_buffer_size_to_maintain: 134217728
2021/09/07-07:58:29.306818 7feb223bc700            Options.bottommost_compression_opts.window_bits: -14
2021/09/07-07:58:29.306824 7feb223bc700                  Options.bottommost_compression_opts.level: 32767
2021/09/07-07:58:29.306829 7feb223bc700               Options.bottommost_compression_opts.strategy: 0
2021/09/07-07:58:29.306833 7feb223bc700         Options.bottommost_compression_opts.max_dict_bytes: 0
2021/09/07-07:58:29.306838 7feb223bc700         Options.bottommost_compression_opts.zstd_max_train_bytes: 0
2021/09/07-07:58:29.307811 7feb223bc700         Options.bottommost_compression_opts.parallel_threads: 1
2021/09/07-07:58:29.307820 7feb223bc700                  Options.bottommost_compression_opts.enabled: false
2021/09/07-07:58:29.307825 7feb223bc700            Options.compression_opts.window_bits: -14
2021/09/07-07:58:29.307831 7feb223bc700                  Options.compression_opts.level: 32767
2021/09/07-07:58:29.307836 7feb223bc700               Options.compression_opts.strategy: 0
2021/09/07-07:58:29.307841 7feb223bc700         Options.compression_opts.max_dict_bytes: 0
2021/09/07-07:58:29.307847 7feb223bc700         Options.compression_opts.zstd_max_train_bytes: 0
2021/09/07-07:58:29.307853 7feb223bc700         Options.compression_opts.parallel_threads: 1
2021/09/07-07:58:29.307859 7feb223bc700                  Options.compression_opts.enabled: false
2021/09/07-07:58:29.307864 7feb223bc700      Options.level0_file_num_compaction_trigger: 4
2021/09/07-07:58:29.307869 7feb223bc700          Options.level0_slowdown_writes_trigger: 20
2021/09/07-07:58:29.307874 7feb223bc700              Options.level0_stop_writes_trigger: 36
2021/09/07-07:58:29.307880 7feb223bc700                   Options.target_file_size_base: 67108864
2021/09/07-07:58:29.307884 7feb223bc700             Options.target_file_size_multiplier: 10
2021/09/07-07:58:29.307889 7feb223bc700                Options.max_bytes_for_level_base: 268435456
2021/09/07-07:58:29.307895 7feb223bc700 Options.level_compaction_dynamic_level_bytes: 1
2021/09/07-07:58:29.307901 7feb223bc700          Options.max_bytes_for_level_multiplier: 10.000000
2021/09/07-07:58:29.307909 7feb223bc700 Options.max_bytes_for_level_multiplier_addtl[0]: 1
2021/09/07-07:58:29.307914 7feb223bc700 Options.max_bytes_for_level_multiplier_addtl[1]: 1
2021/09/07-07:58:29.307919 7feb223bc700 Options.max_bytes_for_level_multiplier_addtl[2]: 1
2021/09/07-07:58:29.307925 7feb223bc700 Options.max_bytes_for_level_multiplier_addtl[3]: 1
2021/09/07-07:58:29.307931 7feb223bc700 Options.max_bytes_for_level_multiplier_addtl[4]: 1
2021/09/07-07:58:29.307937 7feb223bc700 Options.max_bytes_for_level_multiplier_addtl[5]: 1
2021/09/07-07:58:29.307942 7feb223bc700 Options.max_bytes_for_level_multiplier_addtl[6]: 1
2021/09/07-07:58:29.307947 7feb223bc700       Options.max_sequential_skip_in_iterations: 8
2021/09/07-07:58:29.307953 7feb223bc700                    Options.max_compaction_bytes: 1677721600
2021/09/07-07:58:29.307959 7feb223bc700                        Options.arena_block_size: 8388608
2021/09/07-07:58:29.307963 7feb223bc700   Options.soft_pending_compaction_bytes_limit: 68719476736
2021/09/07-07:58:29.307968 7feb223bc700   Options.hard_pending_compaction_bytes_limit: 274877906944
2021/09/07-07:58:29.307974 7feb223bc700       Options.rate_limit_delay_max_milliseconds: 100
2021/09/07-07:58:29.307978 7feb223bc700                Options.disable_auto_compactions: 1
2021/09/07-07:58:29.307983 7feb223bc700                        Options.compaction_style: kCompactionStyleLevel
